0 110478 233983 374000 535639 726817 960800 1262457 1687618 2414436 
0 10538 21184 31938 42804 53784 64881 76095 87431 98891 
110478 122194 134042 146026 158149 170413 182822 195380 208090 220956 
233982 247172 260530 274060 287767 301656 315731 329997 344461 359126 
374000 389088 404395 419930 435699 451708 467965 484478 501256 518306 
535638 553262 571187 589423 607983 626876 646117 665717 685690 706052 
726816 748000 769621 791697 814248 837294 860859 884965 909638 934906 
960799 987346 1014583 1042547 1071277 1100816 1131212 1162515 1194781 1228072 
1262454 1298002 1334798 1372932 1412506 1453632 1496436 1541063 1587674 1636454 
1687614 1741399 1798092 1858027 1921596 1989269 2061613 2139321 2223251 2314489 
2414428 2524906 2648409 2788426 2950063 3141239 3375218 3676869 4102019 4828802 
0 1049 2099 3150 4202 5255 6310 7365 8422 9479 10538 11598 12658 13720 14783 15847 16912 17978 19046 20114 21183 22254 23325 24398 25472 26547 27623 28700 29778 30857 31938 33019 34102 35186 36271 37357 38444 39532 40622 41712 42804 43897 44991 46086 47182 48279 49378 50478 51579 52681 53784 54888 55994 57100 58208 59317 60427 61539 62651 63765 64880 65996 67113 68232 69351 70472 71594 72717 73842 74967 76094 77222 78352 79482 80614 81747 82881 84017 85153 86291 87430 88571 89712 90855 91999 93145 94291 95439 96588 97738 98890 100043 101197 102353 103509 104667 105827 106987 108149 109312 
110477 111642 112809 113978 115147 116318 117490 118664 119839 121015 122192 123371 124551 125733 126916 128100 129285 130472 131660 132850 134041 135233 136426 137621 138818 140015 141214 142415 143617 144820 146024 147230 148438 149646 150856 152068 153281 154495 155711 156928 158147 159367 160588 161811 163035 164261 165488 166716 167946 169178 170411 171645 172881 174118 175357 176597 177838 179082 180326 181572 182820 184069 185319 186571 187825 189080 190336 191594 192854 194115 195377 196642 197907 199174 200443 201713 202985 204258 205533 206809 208087 209367 210648 211931 213215 214501 215788 217077 218368 219660 220953 222249 223546 224844 226144 227446 228749 230054 231361 232669 
233979 235291 236604 237919 239235 240553 241873 243194 244517 245842 247169 248497 249827 251158 252491 253826 255163 256501 257841 259183 260526 261871 263218 264567 265917 267269 268623 269979 271336 272695 274056 275419 276783 278150 279518 280887 282259 283632 285007 286384 287763 289144 290526 291910 293296 294684 296074 297466 298859 300254 301652 303051 304451 305854 307259 308665 310074 311484 312896 314310 315726 317144 318564 319986 321410 322835 324263 325692 327124 328557 329993 331430 332869 334311 335754 337199 338647 340096 341547 343000 344456 345913 347372 348834 350297 351763 353230 354700 356172 357645 359121 360599 362079 363561 365045 366531 368020 369510 371003 372498 
373995 375494 376995 378498 380003 381511 383021 384533 386047 387563 389082 390603 392126 393651 395178 396708 398240 399774 401310 402849 404390 405933 407478 409026 410576 412128 413683 415239 416799 418360 419924 421490 423059 424630 426203 427778 429356 430937 432519 434105 435692 437282 438874 440469 442066 443666 445268 446873 448480 450089 451701 453315 454932 456552 458173 459798 461425 463054 464686 466321 467958 469598 471240 472885 474532 476182 477834 479490 481147 482808 484471 486137 487805 489476 491150 492826 494505 496187 497871 499558 501248 502941 504636 506334 508035 509738 511445 513154 514866 516581 518298 520018 521742 523468 525197 526928 528663 530400 532141 533884 
535630 537379 539131 540886 542644 544405 546168 547935 549705 551477 553253 555032 556814 558598 560386 562177 563971 565768 567568 569371 571178 572987 574800 576615 578434 580256 582081 583910 585741 587576 589414 591255 593099 594947 596798 598652 600510 602370 604235 606102 607973 609847 611724 613605 615489 617377 619268 621162 623060 624961 626866 628774 630686 632601 634520 636442 638368 640297 642230 644166 646106 648050 649997 651948 653902 655860 657822 659787 661756 663729 665706 667686 669670 671658 673649 675645 677644 679647 681654 683664 685679 687697 689719 691746 693776 695810 697848 699890 701936 703986 706039 708097 710160 712226 714296 716370 718449 720531 722618 724709 
726804 728903 731006 733114 735226 737342 739462 741587 743716 745849 747987 750129 752276 754426 756582 758741 760906 763074 765247 767425 769607 771794 773985 776181 778382 780587 782797 785011 787230 789454 791683 793916 796154 798397 800645 802897 805155 807417 809684 811956 814233 816515 818802 821094 823391 825693 828000 830312 832629 834952 837279 839612 841950 844293 846641 848995 851354 853718 856088 858462 860843 863229 865620 868017 870419 872826 875240 877658 880083 882513 884948 887390 889837 892289 894748 897212 899682 902158 904640 907128 909621 912121 914626 917138 919655 922179 924708 927244 929786 932334 934888 937449 940016 942589 945168 947754 950346 952945 955550 958162 
960780 963404 966036 968673 971318 973969 976627 979292 981963 984641 987327 990019 992718 995423 998136 1000856 1003583 1006317 1009059 1011807 1014563 1017326 1020096 1022874 1025659 1028451 1031251 1034058 1036873 1039696 1042526 1045363 1048209 1051062 1053923 1056792 1059668 1062553 1065445 1068346 1071255 1074171 1077096 1080029 1082970 1085920 1088877 1091844 1094818 1097801 1100793 1103793 1106802 1109819 1112845 1115880 1118924 1121976 1125037 1128108 1131187 1134276 1137373 1140480 1143596 1146721 1149856 1153000 1156154 1159317 1162489 1165671 1168863 1172065 1175276 1178498 1181729 1184970 1188221 1191483 1194754 1198036 1201328 1204631 1207944 1211267 1214601 1217946 1221301 1224667 1228044 1231432 1234831 1238240 1241661 1245094 1248537 1251992 1255458 1258936 
1262425 1265926 1269439 1272963 1276499 1280048 1283608 1287181 1290765 1294362 1297972 1301594 1305228 1308875 1312535 1316208 1319893 1323592 1327303 1331028 1334766 1338518 1342282 1346061 1349853 1353659 1357479 1361313 1365160 1369022 1372899 1376789 1380694 1384614 1388548 1392498 1396462 1400441 1404436 1408445 1412470 1416511 1420567 1424639 1428727 1432831 1436950 1441087 1445239 1449408 1453594 1457797 1462016 1466253 1470506 1474777 1479066 1483372 1487696 1492038 1496397 1500775 1505172 1509587 1514020 1518473 1522944 1527435 1531944 1536474 1541023 1545591 1550180 1554789 1559418 1564068 1568739 1573430 1578143 1582877 1587632 1592409 1597208 1602028 1606871 1611737 1616625 1621537 1626471 1631428 1636410 1641414 1646443 1651497 1656574 1661677 1666804 1671956 1677134 1682338 
1687567 1692823 1698105 1703415 1708751 1714114 1719505 1724924 1730370 1735846 1741350 1746883 1752445 1758038 1763660 1769312 1774995 1780709 1786455 1792232 1798041 1803882 1809756 1815663 1821604 1827578 1833587 1839630 1845709 1851823 1857972 1864158 1870381 1876641 1882938 1889274 1895648 1902061 1908513 1915006 1921538 1928112 1934727 1941385 1948085 1954827 1961614 1968445 1975320 1982241 1989208 1996221 2003282 2010391 2017548 2024754 2032010 2039317 2046675 2054085 2061548 2069064 2076634 2084260 2091941 2099679 2107475 2115329 2123242 2131216 2139250 2147347 2155506 2163730 2172019 2180373 2188795 2197285 2205844 2214474 2223175 2231949 2240797 2249721 2258721 2267799 2276956 2286194 2295514 2304917 2314406 2323981 2333645 2343398 2353243 2363181 2373215 2383345 2393574 2403904 
2414337 2424875 2435519 2446273 2457138 2468117 2479212 2490426 2501761 2513219 2524805 2536520 2548367 2560350 2572471 2584734 2597142 2609698 2622407 2635272 2648296 2661484 2674841 2688369 2702075 2715962 2730035 2744300 2758761 2773425 2788297 2803382 2818688 2834221 2849987 2865994 2882249 2898760 2915535 2932583 2949912 2967533 2985455 3003689 3022245 3041136 3060373 3079969 3099939 3120297 3141058 3162238 3183854 3205926 3228472 3251514 3275074 3299175 3323843 3349105 3374991 3401533 3428763 3456720 3485443 3514974 3545361 3576656 3608913 3642194 3676566 3712103 3748887 3787008 3826568 3867679 3910468 3955077 4001669 4050427 4101564 4155323 4211988 4271891 4335425 4403058 4475356 4553010 4636878 4728042 4827893 4938263 5061632 5201475 5362882 5553734 5787229 6088073 6511611 7233573 
